rank	word	wordlength	count	frequenz(count*100/434)	sum frequenz	zipf(rank*count)	zipf(max/rank)
1	ut	2	7	1.6129	1.6129	7	7
2	est	3	6	1.3825	2.9954	12	3.5
3	neque	5	5	1.1521	4.1475	15	2.3
3	demea	5	5	1.1521	5.2995	15	2.3
3	et	2	5	1.1521	6.4516	15	2.3
3	si	2	5	1.1521	7.6037	15	2.3
3	atque	5	5	1.1521	8.7558	15	2.3
4	ad	2	4	0.9217	9.6774	16	1.8
4	una	3	4	0.9217	10.5991	16	1.8
4	quae	4	4	0.9217	11.5207	16	1.8
4	aliter	6	4	0.9217	12.4424	16	1.8
4	vos	3	4	0.9217	13.3641	16	1.8
4	te	2	4	0.9217	14.2857	16	1.8
4	quam	4	4	0.9217	15.2074	16	1.8
4	mihi	4	4	0.9217	16.129	16	1.8
5	animo	5	3	0.6912	16.8203	15	1.4
5	illam	5	3	0.6912	17.5115	15	1.4
5	res	3	3	0.6912	18.2028	15	1.4
5	eius	4	3	0.6912	18.894	15	1.4
5	sed	3	3	0.6912	19.5853	15	1.4
5	quid	4	3	0.6912	20.2765	15	1.4
5	geta	4	3	0.6912	20.9677	15	1.4
5	quod	4	3	0.6912	21.659	15	1.4
5	virginis	8	3	0.6912	22.3502	15	1.4
5	quaeso	6	3	0.6912	23.0415	15	1.4
5	me	2	3	0.6912	23.7327	15	1.4
6	bene	4	2	0.4608	24.1935	12	1.2
6	virgo	5	2	0.4608	24.6544	12	1.2
6	maxume	6	2	0.4608	25.1152	12	1.2
6	illas	5	2	0.4608	25.576	12	1.2
6	propter	7	2	0.4608	26.0369	12	1.2
6	dixti	5	2	0.4608	26.4977	12	1.2
6	hoc	3	2	0.4608	26.9585	12	1.2
6	animum	6	2	0.4608	27.4194	12	1.2
6	nam	3	2	0.4608	27.8802	12	1.2
6	ipsa	4	2	0.4608	28.341	12	1.2
6	in	2	2	0.4608	28.8018	12	1.2
6	hac	3	2	0.4608	29.2627	12	1.2
6	hanc	4	2	0.4608	29.7235	12	1.2
6	psaltriam	9	2	0.4608	30.1843	12	1.2
6	narrabo	7	2	0.4608	30.6452	12	1.2
6	fidem	5	2	0.4608	31.106	12	1.2
6	intro	5	2	0.4608	31.5668	12	1.2
6	hic	3	2	0.4608	32.0276	12	1.2
6	se	2	2	0.4608	32.4885	12	1.2
6	fac	3	2	0.4608	32.9493	12	1.2
6	facis	5	2	0.4608	33.4101	12	1.2
6	matrem	6	2	0.4608	33.871	12	1.2
6	sunt	4	2	0.4608	34.3318	12	1.2
6	haud	4	2	0.4608	34.7926	12	1.2
6	primum	6	2	0.4608	35.2535	12	1.2
6	decet	5	2	0.4608	35.7143	12	1.2
6	dedisti	7	2	0.4608	36.1751	12	1.2
6	sin	3	2	0.4608	36.6359	12	1.2
6	facinus	7	2	0.4608	37.0968	12	1.2
6	ipsum	5	2	0.4608	37.5576	12	1.2
6	ego	3	2	0.4608	38.0184	12	1.2
6	ex	2	2	0.4608	38.4793	12	1.2
6	faciam	6	2	0.4608	38.9401	12	1.2
6	tam	3	2	0.4608	39.4009	12	1.2
6	quapropter	10	2	0.4608	39.8618	12	1.2
6	semper	6	2	0.4608	40.3226	12	1.2
6	esse	4	2	0.4608	40.7834	12	1.2
7	pueris	6	1	0.2304	41.0138	7	1
7	potiu	5	1	0.2304	41.2442	7	1
7	volti	5	1	0.2304	41.4747	7	1
7	parvolis	8	1	0.2304	41.7051	7	1
7	noscere	7	1	0.2304	41.9355	7	1
7	oportet	7	1	0.2304	42.1659	7	1
7	probos	6	1	0.2304	42.3963	7	1
7	a	1	1	0.2304	42.6267	7	1
7	perhiberi	9	1	0.2304	42.8571	7	1
7	aequo	5	1	0.2304	43.0876	7	1
7	facere	6	1	0.2304	43.318	7	1
7	duc	3	1	0.2304	43.5484	7	1
7	erat	4	1	0.2304	43.7788	7	1
7	sostratam	9	1	0.2304	44.0092	7	1
7	bono	4	1	0.2304	44.2396	7	1
7	cognatu	7	1	0.2304	44.47	7	1
7	sis	3	1	0.2304	44.7005	7	1
7	aequa	5	1	0.2304	44.9309	7	1
7	dites	5	1	0.2304	45.1613	7	1
7	nobiles	7	1	0.2304	45.3917	7	1
7	pertulimus	10	1	0.2304	45.6221	7	1
7	deseram	7	1	0.2304	45.8525	7	1
7	respondes	9	1	0.2304	46.0829	7	1
7	animam	6	1	0.2304	46.3134	7	1
7	denique	7	1	0.2304	46.5438	7	1
7	experiar	8	1	0.2304	46.7742	7	1
7	tu	2	1	0.2304	47.0046	7	1
7	facito	6	1	0.2304	47.235	7	1
7	cum	3	1	0.2304	47.4654	7	1
7	nitar	5	1	0.2304	47.6959	7	1
7	gravem	6	1	0.2304	47.9263	7	1
7	paupertatem	11	1	0.2304	48.1567	7	1
7	fortunati	9	1	0.2304	48.3871	7	1
7	cogites	7	1	0.2304	48.6175	7	1
7	facillime	9	1	0.2304	48.8479	7	1
7	agiti	5	1	0.2304	49.0783	7	1
7	estis	5	1	0.2304	49.3088	7	1
7	fuimus	6	1	0.2304	49.5392	7	1
7	domi	4	1	0.2304	49.7696	7	1
7	militiae	8	1	0.2304	50	7	1
7	potentes	8	1	0.2304	50.2304	7	1
7	educati	7	1	0.2304	50.4608	7	1
7	sumus	5	1	0.2304	50.6912	7	1
7	relinquam	9	1	0.2304	50.9217	7	1
7	sostrata	8	1	0.2304	51.1521	7	1
7	pro	3	1	0.2304	51.3825	7	1
7	istam	5	1	0.2304	51.6129	7	1
7	fueri	5	1	0.2304	51.8433	7	1
7	minu	4	1	0.2304	52.0737	7	1
7	quibu	5	1	0.2304	52.3041	7	1
7	omnes	5	1	0.2304	52.5346	7	1
7	egomet	6	1	0.2304	52.765	7	1
7	putas	5	1	0.2304	52.9954	7	1
7	functu	6	1	0.2304	53.2258	7	1
7	officio	7	1	0.2304	53.4562	7	1
7	mage	4	1	0.2304	53.6866	7	1
7	tuo	3	1	0.2304	53.9171	7	1
7	tabescit	8	1	0.2304	54.1475	7	1
7	miseria	7	1	0.2304	54.3779	7	1
7	ac	2	1	0.2304	54.6083	7	1
7	dolore	6	1	0.2304	54.8387	7	1
7	relevabi	8	1	0.2304	55.0691	7	1
7	secundae	8	1	0.2304	55.2995	7	1
7	nescioquo	9	1	0.2304	55.53	7	1
7	illic	5	1	0.2304	55.7604	7	1
7	credunt	7	1	0.2304	55.9908	7	1
7	sequere	7	1	0.2304	56.2212	7	1
7	placabilius	11	1	0.2304	56.4516	7	1
7	coram	5	1	0.2304	56.682	7	1
7	ipsi	4	1	0.2304	56.9124	7	1
7	purgare	7	1	0.2304	57.1429	7	1
7	claudier	8	1	0.2304	57.3733	7	1
7	inpotentiam	11	1	0.2304	57.6037	7	1
7	modo	4	1	0.2304	57.8341	7	1
7	suam	4	1	0.2304	58.0645	7	1
7	magis	5	1	0.2304	58.2949	7	1
7	accipiunt	9	1	0.2304	58.5253	7	1
7	omnia	5	1	0.2304	58.7558	7	1
7	contumeliam	11	1	0.2304	58.9862	7	1
7	suspiciosi	10	1	0.2304	59.2166	7	1
7	iam	3	1	0.2304	59.447	7	1
7	fratrem	7	1	0.2304	59.6774	7	1
7	potes	5	1	0.2304	59.9078	7	1
7	facturus	8	1	0.2304	60.1382	7	1
7	re	2	1	0.2304	60.3687	7	1
7	de	2	1	0.2304	60.5991	7	1
7	faciat	6	1	0.2304	60.8295	7	1
7	suom	4	1	0.2304	61.0599	7	1
7	officium	8	1	0.2304	61.2903	7	1
7	sit	3	1	0.2304	61.5207	7	1
7	ordine	6	1	0.2304	61.7512	7	1
7	respondeat	10	1	0.2304	61.9816	7	1
7	gestast	7	1	0.2304	62.212	7	1
7	conveniam	9	1	0.2304	62.4424	7	1
7	forumst	7	1	0.2304	62.6728	7	1
7	apud	4	1	0.2304	62.9032	7	1
7	micionem	8	1	0.2304	63.1336	7	1
7	consolere	9	1	0.2304	63.3641	7	1
7	sententia	9	1	0.2304	63.5945	7	1
7	mi	2	1	0.2304	63.8249	7	1
7	suspicionem	11	1	0.2304	64.0553	7	1
7	eas	3	1	0.2304	64.2857	7	1
7	mulieri	7	1	0.2304	64.5161	7	1
7	dicas	5	1	0.2304	64.7465	7	1
7	tute	4	1	0.2304	64.977	7	1
7	eadem	5	1	0.2304	65.2074	7	1
7	istaec	6	1	0.2304	65.4378	7	1
7	micio	5	1	0.2304	65.6682	7	1
7	mecum	5	1	0.2304	65.8986	7	1
7	agam	4	1	0.2304	66.129	7	1
7	meum	4	1	0.2304	66.3594	7	1
7	induxi	6	1	0.2304	66.5899	7	1
7	es	2	1	0.2304	66.8203	7	1
7	numquam	7	1	0.2304	67.0507	7	1
7	minime	6	1	0.2304	67.2811	7	1
7	ah	2	1	0.2304	67.5115	7	1
7	sciam	5	1	0.2304	67.7419	7	1
7	mortuom	7	1	0.2304	67.9724	7	1
7	inplorat	8	1	0.2304	68.2028	7	1
7	illum	5	1	0.2304	68.4332	7	1
7	audisti	7	1	0.2304	68.6636	7	1
7	liberalis	9	1	0.2304	68.894	7	1
7	functus	7	1	0.2304	69.1244	7	1
7	officiumst	10	1	0.2304	69.3548	7	1
7	viri	4	1	0.2304	69.5853	7	1
7	nostrum	7	1	0.2304	69.8157	7	1
7	amicum	6	1	0.2304	70.0461	7	1
7	noras	5	1	0.2304	70.2765	7	1
7	simulum	7	1	0.2304	70.5069	7	1
7	aequalem	8	1	0.2304	70.7373	7	1
7	filiam	6	1	0.2304	70.9677	7	1
7	virginem	8	1	0.2304	71.1982	7	1
7	vitiavit	8	1	0.2304	71.4286	7	1
7	mane	4	1	0.2304	71.659	7	1
7	nondum	6	1	0.2304	71.8894	7	1
7	gravissimum	11	1	0.2304	72.1198	7	1
7	adoptandum	10	1	0.2304	72.3502	7	1
7	vero	4	1	0.2304	72.5806	7	1
7	amplius	7	1	0.2304	72.8111	7	1
7	quidem	6	1	0.2304	73.0415	7	1
7	ferundum	8	1	0.2304	73.2719	7	1
7	aliquo	6	1	0.2304	73.5023	7	1
7	modost	6	1	0.2304	73.7327	7	1
7	persuasit	9	1	0.2304	73.9631	7	1
7	nox	3	1	0.2304	74.1935	7	1
7	amor	4	1	0.2304	74.424	7	1
7	vinum	5	1	0.2304	74.6544	7	1
7	adulescentia	12	1	0.2304	74.8848	7	1
7	humanumst	9	1	0.2304	75.1152	7	1
7	ubi	3	1	0.2304	75.3456	7	1
7	scit	4	1	0.2304	75.576	7	1
7	boni	4	1	0.2304	75.8065	7	1
7	fratri	6	1	0.2304	76.0369	7	1
7	venit	5	1	0.2304	76.2673	7	1
7	illos	5	1	0.2304	76.4977	7	1
7	inmortales	10	1	0.2304	76.7281	7	1
7	indignum	8	1	0.2304	76.9585	7	1
7	narras	6	1	0.2304	77.1889	7	1
7	illan	5	1	0.2304	77.4194	7	1
7	familia	7	1	0.2304	77.6498	7	1
7	inliberale	10	1	0.2304	77.8802	7	1
7	ortum	5	1	0.2304	78.1106	7	1
7	o	1	1	0.2304	78.341	7	1
7	aeschine	8	1	0.2304	78.5714	7	1
7	pol	3	1	0.2304	78.8018	7	1
7	paternum	8	1	0.2304	79.0323	7	1
7	istuc	5	1	0.2304	79.2627	7	1
7	nisi	4	1	0.2304	79.4931	7	1
7	facient	7	1	0.2304	79.7235	7	1
7	aequomst	8	1	0.2304	79.9539	7	1
7	quem	4	1	0.2304	80.1843	7	1
7	oh	2	1	0.2304	80.4147	7	1
7	aeschinus	9	1	0.2304	80.6452	7	1
7	tuos	4	1	0.2304	80.8756	7	1
7	filius	6	1	0.2304	81.106	7	1
7	maior	5	1	0.2304	81.3364	7	1
7	salve	5	1	0.2304	81.5668	7	1
7	quaerebam	9	1	0.2304	81.7972	7	1
7	arbitror	8	1	0.2304	82.0276	7	1
7	sic	3	1	0.2304	82.2581	7	1
7	posse	5	1	0.2304	82.4885	7	1
7	pie	3	1	0.2304	82.7189	7	1
7	sati	4	1	0.2304	82.9493	7	1
7	dixeris	7	1	0.2304	83.1797	7	1
7	cave	4	1	0.2304	83.4101	7	1
7	auferent	8	1	0.2304	83.6406	7	1
7	factum	6	1	0.2304	83.871	7	1
7	ipsus	5	1	0.2304	84.1014	7	1
7	defendam	8	1	0.2304	84.3318	7	1
7	illaec	6	1	0.2304	84.5622	7	1
7	solus	5	1	0.2304	84.7926	7	1
7	omnem	5	1	0.2304	85.023	7	1
7	familiam	8	1	0.2304	85.2535	7	1
7	sustentat	9	1	0.2304	85.4839	7	1
7	hunc	4	1	0.2304	85.7143	7	1
7	abduce	6	1	0.2304	85.9447	7	1
7	vinci	5	1	0.2304	86.1751	7	1
7	quaere	6	1	0.2304	86.4055	7	1
7	rem	3	1	0.2304	86.6359	7	1
7	hem	3	1	0.2304	86.8664	7	1
7	numnam	6	1	0.2304	87.0968	7	1
7	illa	4	1	0.2304	87.3272	7	1
7	parturit	8	1	0.2304	87.5576	7	1
7	em	2	1	0.2304	87.788	7	1
7	nunc	4	1	0.2304	88.0184	7	1
7	iners	5	1	0.2304	88.2488	7	1
7	fiant	5	1	0.2304	88.4793	7	1
7	vi	2	1	0.2304	88.7097	7	1
7	summa	5	1	0.2304	88.9401	7	1
7	voster	6	1	0.2304	89.1705	7	1
7	animu	5	1	0.2304	89.4009	7	1
7	vobis	5	1	0.2304	89.6313	7	1
7	deos	4	1	0.2304	89.8618	7	1
7	haec	4	1	0.2304	90.0922	7	1
7	vostram	7	1	0.2304	90.3226	7	1
7	impetret	8	1	0.2304	90.553	7	1
7	voluntate	9	1	0.2304	90.7834	7	1
7	id	2	1	0.2304	91.0138	7	1
7	cogit	5	1	0.2304	91.2442	7	1
7	vis	3	1	0.2304	91.4747	7	1
7	di	2	1	0.2304	91.7051	7	1
7	alit	4	1	0.2304	91.9355	7	1
7	malus	5	1	0.2304	92.1659	7	1
7	ultro	5	1	0.2304	92.3963	7	1
7	mensi	5	1	0.2304	92.6267	7	1
7	lacrumans	9	1	0.2304	92.8571	7	1
7	orans	5	1	0.2304	93.0876	7	1
7	obsecrans	9	1	0.2304	93.318	7	1
7	dans	4	1	0.2304	93.5484	7	1
7	iurans	6	1	0.2304	93.7788	7	1
7	ducturum	8	1	0.2304	94.0092	7	1
7	domum	5	1	0.2304	94.2396	7	1
7	ignotumst	9	1	0.2304	94.47	7	1
7	tacitumst	9	1	0.2304	94.7005	7	1
7	creditumst	10	1	0.2304	94.9309	7	1
7	eo	2	1	0.2304	95.1613	7	1
7	compressu	9	1	0.2304	95.3917	7	1
7	gravida	7	1	0.2304	95.6221	7	1
7	factast	7	1	0.2304	95.8525	7	1
7	decumus	7	1	0.2304	96.0829	7	1
7	non	3	1	0.2304	96.3134	7	1
7	vivat	5	1	0.2304	96.5438	7	1
7	servolorum	10	1	0.2304	96.7742	7	1
7	captusest	9	1	0.2304	97.0046	7	1
7	praeterea	9	1	0.2304	97.235	7	1
7	mediost	7	1	0.2304	97.4654	7	1
7	mater	5	1	0.2304	97.6959	7	1
7	deserit	7	1	0.2304	97.9263	7	1
7	quicum	6	1	0.2304	98.1567	7	1
7	ill	3	1	0.2304	98.3871	7	1
7	paravit	7	1	0.2304	98.6175	7	1
7	placet	6	1	0.2304	98.8479	7	1
7	dis	3	1	0.2304	99.0783	7	1
7	nobis	5	1	0.2304	99.3088	7	1
7	vir	3	1	0.2304	99.5392	7	1
7	bonu	4	1	0.2304	99.7696	7	1
7	ergo	4	1	0.2304	100	7	1
