rank	word	wordlength	count	frequenz(count*100/515)	sum frequenz	zipf(rank*count)	zipf(max/rank)
1	me	2	13	2.5243	2.5243	13	13
2	quid	4	11	2.1359	4.6602	22	6.5
3	in	2	10	1.9417	6.6019	30	4.3
4	est	3	9	1.7476	8.3495	36	3.3
5	ut	2	8	1.5534	9.9029	40	2.6
6	at	2	7	1.3592	11.2621	42	2.2
7	si	2	6	1.165	12.4272	42	1.9
7	non	3	6	1.165	13.5922	42	1.9
8	te	2	5	0.9709	14.5631	40	1.6
8	tibi	4	5	0.9709	15.534	40	1.6
9	neque	5	4	0.7767	16.3107	36	1.4
9	hic	3	4	0.7767	17.0874	36	1.4
9	ita	3	4	0.7767	17.8641	36	1.4
9	iam	3	4	0.7767	18.6408	36	1.4
9	id	2	4	0.7767	19.4175	36	1.4
9	nunc	4	4	0.7767	20.1942	36	1.4
9	esse	4	4	0.7767	20.9709	36	1.4
9	atque	5	4	0.7767	21.7476	36	1.4
9	ego	3	4	0.7767	22.5243	36	1.4
9	sit	3	4	0.7767	23.301	36	1.4
9	simo	4	4	0.7767	24.0777	36	1.4
10	dum	3	3	0.5825	24.6602	30	1.3
10	illam	5	3	0.5825	25.2427	30	1.3
10	hoc	3	3	0.5825	25.8252	30	1.3
10	sed	3	3	0.5825	26.4078	30	1.3
10	nuptias	7	3	0.5825	26.9903	30	1.3
10	ah	2	3	0.5825	27.5728	30	1.3
10	sati	4	3	0.5825	28.1553	30	1.3
10	tum	3	3	0.5825	28.7379	30	1.3
10	quod	4	3	0.5825	29.3204	30	1.3
10	filiam	6	3	0.5825	29.9029	30	1.3
10	qui	3	3	0.5825	30.4854	30	1.3
10	crito	5	3	0.5825	31.068	30	1.3
11	hunc	4	2	0.3883	31.4563	22	1.2
11	cum	3	2	0.3883	31.8447	22	1.2
11	puer	4	2	0.3883	32.233	22	1.2
11	satis	5	2	0.3883	32.6214	22	1.2
11	mihi	4	2	0.3883	33.0097	22	1.2
11	male	4	2	0.3883	33.3981	22	1.2
11	illa	4	2	0.3883	33.7864	22	1.2
11	pater	5	2	0.3883	34.1748	22	1.2
11	ad	2	2	0.3883	34.5631	22	1.2
11	mitte	5	2	0.3883	34.9515	22	1.2
11	certe	5	2	0.3883	35.3398	22	1.2
11	illum	5	2	0.3883	35.7282	22	1.2
11	audio	5	2	0.3883	36.1165	22	1.2
11	sic	3	2	0.3883	36.5049	22	1.2
11	eho	3	2	0.3883	36.8932	22	1.2
11	hercle	6	2	0.3883	37.2816	22	1.2
11	ab	2	2	0.3883	37.6699	22	1.2
11	dicam	5	2	0.3883	38.0583	22	1.2
11	dic	3	2	0.3883	38.4466	22	1.2
11	nomen	5	2	0.3883	38.835	22	1.2
11	audivi	6	2	0.3883	39.2233	22	1.2
11	istuc	5	2	0.3883	39.6117	22	1.2
11	paene	5	2	0.3883	40	22	1.2
11	quam	4	2	0.3883	40.3883	22	1.2
11	is	2	2	0.3883	40.7767	22	1.2
11	o	1	2	0.3883	41.165	22	1.2
11	rem	3	2	0.3883	41.5534	22	1.2
11	nam	3	2	0.3883	41.9417	22	1.2
11	gnato	5	2	0.3883	42.3301	22	1.2
11	credo	5	2	0.3883	42.7184	22	1.2
11	tuo	3	2	0.3883	43.1068	22	1.2
11	ne	2	2	0.3883	43.4951	22	1.2
11	ex	2	2	0.3883	43.8835	22	1.2
11	quasi	5	2	0.3883	44.2718	22	1.2
11	a	1	2	0.3883	44.6602	22	1.2
11	face	4	2	0.3883	45.0485	22	1.2
11	censes	6	2	0.3883	45.4369	22	1.2
11	hinc	4	2	0.3883	45.8252	22	1.2
11	eiu	3	2	0.3883	46.2136	22	1.2
11	quom	4	2	0.3883	46.6019	22	1.2
11	incepi	6	2	0.3883	46.9903	22	1.2
11	utrique	7	2	0.3883	47.3786	22	1.2
11	re	2	2	0.3883	47.767	22	1.2
11	accersi	7	2	0.3883	48.1553	22	1.2
12	seditionem	10	1	0.1942	48.3495	12	1.1
12	adulescentulo	13	1	0.1942	48.5437	12	1.1
12	saevi	5	1	0.1942	48.7379	12	1.1
12	tanto	5	1	0.1942	48.932	12	1.1
12	opere	5	1	0.1942	49.1262	12	1.1
12	potius	6	1	0.1942	49.3204	12	1.1
12	dicat	5	1	0.1942	49.5146	12	1.1
12	ipsam	5	1	0.1942	49.7087	12	1.1
12	incertas	8	1	0.1942	49.9029	12	1.1
12	uxoria	6	1	0.1942	50.0971	12	1.1
12	darem	5	1	0.1942	50.2913	12	1.1
12	loqui	5	1	0.1942	50.4854	12	1.1
12	ac	2	1	0.1942	50.6796	12	1.1
12	alio	4	1	0.1942	50.8738	12	1.1
12	abhorrenti	10	1	0.1942	51.068	12	1.1
12	tandem	6	1	0.1942	51.2621	12	1.1
12	amore	5	1	0.1942	51.4563	12	1.1
12	litigat	7	1	0.1942	51.6505	12	1.1
12	audi	4	1	0.1942	51.8447	12	1.1
12	tamen	5	1	0.1942	52.0388	12	1.1
12	occupato	8	1	0.1942	52.233	12	1.1
12	missos	6	1	0.1942	52.4272	12	1.1
12	davom	5	1	0.1942	52.6214	12	1.1
12	fert	4	1	0.1942	52.8155	12	1.1
12	erras	5	1	0.1942	53.0097	12	1.1
12	aequom	6	1	0.1942	53.2039	12	1.1
12	natu	4	1	0.1942	53.3981	12	1.1
12	aiunt	5	1	0.1942	53.5922	12	1.1
12	davo	4	1	0.1942	53.7864	12	1.1
12	egomet	6	1	0.1942	53.9806	12	1.1
12	civem	5	1	0.1942	54.1748	12	1.1
12	vidi	4	1	0.1942	54.3689	12	1.1
12	iurgantem	9	1	0.1942	54.5631	12	1.1
12	feras	5	1	0.1942	54.7573	12	1.1
12	ancillam	8	1	0.1942	54.9515	12	1.1
12	tetulit	7	1	0.1942	55.1456	12	1.1
12	em	2	1	0.1942	55.3398	12	1.1
12	res	3	1	0.1942	55.534	12	1.1
12	vero	4	1	0.1942	55.7282	12	1.1
12	voltu	5	1	0.1942	55.9223	12	1.1
12	impetrasti	10	1	0.1942	56.1165	12	1.1
12	medicarer	9	1	0.1942	56.3107	12	1.1
12	ibi	3	1	0.1942	56.5049	12	1.1
12	adesse	6	1	0.1942	56.699	12	1.1
12	nos	3	1	0.1942	56.8932	12	1.1
12	neuter	6	1	0.1942	57.0874	12	1.1
12	labore	6	1	0.1942	57.2816	12	1.1
12	praesenserant	13	1	0.1942	57.4757	12	1.1
12	dolore	6	1	0.1942	57.6699	12	1.1
12	sine	4	1	0.1942	57.8641	12	1.1
12	postulat	8	1	0.1942	58.0583	12	1.1
12	factum	6	1	0.1942	58.2524	12	1.1
12	habet	5	1	0.1942	58.4466	12	1.1
12	restat	6	1	0.1942	58.6408	12	1.1
12	etiam	5	1	0.1942	58.835	12	1.1
12	scrupulus	9	1	0.1942	59.0291	12	1.1
12	unu	3	1	0.1942	59.2233	12	1.1
12	mi	2	1	0.1942	59.4175	12	1.1
12	illo	4	1	0.1942	59.6117	12	1.1
12	numquid	7	1	0.1942	59.8058	12	1.1
12	primum	6	1	0.1942	60	12	1.1
12	postilla	8	1	0.1942	60.1942	12	1.1
12	veritus	7	1	0.1942	60.3883	12	1.1
12	relinquere	10	1	0.1942	60.5825	12	1.1
12	proficiscitur	13	1	0.1942	60.7767	12	1.1
12	persequens	10	1	0.1942	60.9709	12	1.1
12	convenit	8	1	0.1942	61.165	12	1.1
12	meministi	9	1	0.1942	61.3592	12	1.1
12	meque	5	1	0.1942	61.5534	12	1.1
12	dos	3	1	0.1942	61.7476	12	1.1
12	haud	4	1	0.1942	61.9417	12	1.1
12	mecum	5	1	0.1942	62.1359	12	1.1
12	propero	7	1	0.1942	62.3301	12	1.1
12	talenta	7	1	0.1942	62.5243	12	1.1
12	decem	5	1	0.1942	62.7184	12	1.1
12	pamphile	8	1	0.1942	62.9126	12	1.1
12	aliud	5	1	0.1942	63.1068	12	1.1
12	ipsa	4	1	0.1942	63.301	12	1.1
12	ait	3	1	0.1942	63.4951	12	1.1
12	nisi	4	1	0.1942	63.6893	12	1.1
12	optumast	8	1	0.1942	63.8835	12	1.1
12	causa	5	1	0.1942	64.0777	12	1.1
12	ament	5	1	0.1942	64.2718	12	1.1
12	di	2	1	0.1942	64.466	12	1.1
12	east	4	1	0.1942	64.6602	12	1.1
12	asiam	5	1	0.1942	64.8544	12	1.1
12	fugiens	7	1	0.1942	65.0485	12	1.1
12	da	2	1	0.1942	65.2427	12	1.1
12	critonem	8	1	0.1942	65.4369	12	1.1
12	arbitrere	9	1	0.1942	65.6311	12	1.1
12	noris	5	1	0.1942	65.8252	12	1.1
12	insolens	8	1	0.1942	66.0194	12	1.1
12	athenas	7	1	0.1942	66.2136	12	1.1
12	tu	2	1	0.1942	66.4078	12	1.1
12	video	5	1	0.1942	66.6019	12	1.1
12	andrium	7	1	0.1942	66.7961	12	1.1
12	vir	3	1	0.1942	66.9903	12	1.1
12	patri	5	1	0.1942	67.1845	12	1.1
12	supplici	8	1	0.1942	67.3786	12	1.1
12	paullum	7	1	0.1942	67.5728	12	1.1
12	magno	5	1	0.1942	67.767	12	1.1
12	peccato	7	1	0.1942	67.9612	12	1.1
12	pro	3	1	0.1942	68.1553	12	1.1
12	veniam	6	1	0.1942	68.3495	12	1.1
12	bonus	5	1	0.1942	68.5437	12	1.1
12	perpulisti	10	1	0.1942	68.7379	12	1.1
12	bellum	6	1	0.1942	68.932	12	1.1
12	igitur	6	1	0.1942	69.1262	12	1.1
12	fuit	4	1	0.1942	69.3204	12	1.1
12	meu	3	1	0.1942	69.5146	12	1.1
12	frater	6	1	0.1942	69.7087	12	1.1
12	illic	5	1	0.1942	69.9029	12	1.1
12	phania	6	1	0.1942	70.0971	12	1.1
12	meast	5	1	0.1942	70.2913	12	1.1
12	quoiam	6	1	0.1942	70.4854	12	1.1
12	perge	5	1	0.1942	70.6796	12	1.1
12	aibat	5	1	0.1942	70.8738	12	1.1
12	suamne	6	1	0.1942	71.068	12	1.1
12	eam	3	1	0.1942	71.2621	12	1.1
12	spero	5	1	0.1942	71.4563	12	1.1
12	utinam	6	1	0.1942	71.6505	12	1.1
12	iuppiter	8	1	0.1942	71.8447	12	1.1
12	eius	4	1	0.1942	72.0388	12	1.1
12	homini	6	1	0.1942	72.233	12	1.1
12	mea	3	1	0.1942	72.4272	12	1.1
12	rogitas	7	1	0.1942	72.6214	12	1.1
12	perpeti	7	1	0.1942	72.8155	12	1.1
12	tua	3	1	0.1942	73.0097	12	1.1
12	pamphilique	11	1	0.1942	73.2039	12	1.1
12	sim	3	1	0.1942	73.3981	12	1.1
12	fabulae	7	1	0.1942	73.5922	12	1.1
12	amantium	8	1	0.1942	73.7864	12	1.1
12	irae	4	1	0.1942	73.9806	12	1.1
12	amoris	6	1	0.1942	74.1748	12	1.1
12	integratiost	12	1	0.1942	74.3689	12	1.1
12	videtur	7	1	0.1942	74.5631	12	1.1
12	posse	5	1	0.1942	74.7573	12	1.1
12	arbitror	8	1	0.1942	74.9515	12	1.1
12	hanc	4	1	0.1942	75.1456	12	1.1
12	perpetuo	8	1	0.1942	75.3398	12	1.1
12	habere	6	1	0.1942	75.534	12	1.1
12	periclum	8	1	0.1942	75.7282	12	1.1
12	commune	7	1	0.1942	75.9223	12	1.1
12	ullum	5	1	0.1942	76.1165	12	1.1
12	discordare	10	1	0.1942	76.3107	12	1.1
12	eos	3	1	0.1942	76.5049	12	1.1
12	scis	4	1	0.1942	76.699	12	1.1
12	ais	3	1	0.1942	76.8932	12	1.1
12	claudier	8	1	0.1942	77.0874	12	1.1
12	commodum	8	1	0.1942	77.2816	12	1.1
12	nolo	4	1	0.1942	77.4757	12	1.1
12	filia	5	1	0.1942	77.6699	12	1.1
12	utile	5	1	0.1942	77.8641	12	1.1
12	induxti	7	1	0.1942	78.0583	12	1.1
12	animum	6	1	0.1942	78.2524	12	1.1
12	istic	5	1	0.1942	78.4466	12	1.1
12	gravest	7	1	0.1942	78.6408	12	1.1
12	fieri	5	1	0.1942	78.835	12	1.1
12	consulas	8	1	0.1942	79.0291	12	1.1
12	oro	3	1	0.1942	79.2233	12	1.1
12	se	2	1	0.1942	79.4175	12	1.1
12	aibant	6	1	0.1942	79.6117	12	1.1
12	an	2	1	0.1942	79.8058	12	1.1
12	tune	4	1	0.1942	80	12	1.1
12	viso	4	1	0.1942	80.1942	12	1.1
12	nubere	6	1	0.1942	80.3883	12	1.1
12	meam	4	1	0.1942	80.5825	12	1.1
12	hodie	5	1	0.1942	80.7767	12	1.1
12	auditum	7	1	0.1942	80.9709	12	1.1
12	insaniant	9	1	0.1942	81.165	12	1.1
12	adierunt	8	1	0.1942	81.3592	12	1.1
12	aliquot	7	1	0.1942	81.5534	12	1.1
12	advenis	7	1	0.1942	81.7476	12	1.1
12	optato	6	1	0.1942	81.9417	12	1.1
12	quaerebam	9	1	0.1942	82.1359	12	1.1
12	ipsum	5	1	0.1942	82.3301	12	1.1
12	illi	4	1	0.1942	82.5243	12	1.1
12	ausculto	8	1	0.1942	82.7184	12	1.1
12	commodi	7	1	0.1942	82.9126	12	1.1
12	dabam	5	1	0.1942	83.1068	12	1.1
12	malist	6	1	0.1942	83.301	12	1.1
12	plus	4	1	0.1942	83.4951	12	1.1
12	ea	2	1	0.1942	83.6893	12	1.1
12	iube	4	1	0.1942	83.8835	12	1.1
12	fiant	5	1	0.1942	84.0777	12	1.1
12	remst	5	1	0.1942	84.2718	12	1.1
12	olim	4	1	0.1942	84.466	12	1.1
12	loquere	7	1	0.1942	84.6602	12	1.1
12	alium	5	1	0.1942	84.8544	12	1.1
12	oporteat	8	1	0.1942	85.0485	12	1.1
12	impetrare	9	1	0.1942	85.2427	12	1.1
12	orando	6	1	0.1942	85.4369	12	1.1
12	obsecra	7	1	0.1942	85.6311	12	1.1
12	velis	5	1	0.1942	85.8252	12	1.1
12	inter	5	1	0.1942	86.0194	12	1.1
12	domum	5	1	0.1942	86.2136	12	1.1
12	iniuriis	8	1	0.1942	86.4078	12	1.1
12	erga	4	1	0.1942	86.6019	12	1.1
12	studeo	6	1	0.1942	86.7961	12	1.1
12	finem	5	1	0.1942	86.9903	12	1.1
12	orandi	6	1	0.1942	87.1845	12	1.1
12	adire	5	1	0.1942	87.3786	12	1.1
12	pericli	7	1	0.1942	87.5728	12	1.1
12	amicitiast	10	1	0.1942	87.767	12	1.1
12	spectata	8	1	0.1942	87.9612	12	1.1
12	inlusi	6	1	0.1942	88.1553	12	1.1
12	intus	5	1	0.1942	88.3495	12	1.1
12	omnem	5	1	0.1942	88.5437	12	1.1
12	novi	4	1	0.1942	88.7379	12	1.1
12	principio	9	1	0.1942	88.932	12	1.1
12	inquam	6	1	0.1942	89.1262	12	1.1
12	omnia	5	1	0.1942	89.3204	12	1.1
12	obsequi	7	1	0.1942	89.5146	12	1.1
12	vitam	5	1	0.1942	89.7087	12	1.1
12	insciens	8	1	0.1942	89.9029	12	1.1
12	modum	5	1	0.1942	90.0971	12	1.1
12	onerare	7	1	0.1942	90.2913	12	1.1
12	remittas	8	1	0.1942	90.4854	12	1.1
12	cogites	7	1	0.1942	90.6796	12	1.1
12	cogitas	7	1	0.1942	90.8738	12	1.1
12	ores	4	1	0.1942	91.068	12	1.1
12	benignitati	11	1	0.1942	91.2621	12	1.1
12	lubet	5	1	0.1942	91.4563	12	1.1
12	filiae	6	1	0.1942	91.6505	12	1.1
12	efficias	8	1	0.1942	91.8447	12	1.1
12	studio	6	1	0.1942	92.0388	12	1.1
12	prae	4	1	0.1942	92.233	12	1.1
12	sis	3	1	0.1942	92.4272	12	1.1
12	iniquo	6	1	0.1942	92.6214	12	1.1
12	vide	4	1	0.1942	92.8155	12	1.1
12	incidi	6	1	0.1942	93.0097	12	1.1
12	malum	5	1	0.1942	93.2039	12	1.1
12	modo	4	1	0.1942	93.3981	12	1.1
12	opu	3	1	0.1942	93.5922	12	1.1
12	mulier	6	1	0.1942	93.7864	12	1.1
12	herclest	8	1	0.1942	93.9806	12	1.1
12	iubeam	6	1	0.1942	94.1748	12	1.1
12	paravi	6	1	0.1942	94.3689	12	1.1
12	gnatae	6	1	0.1942	94.5631	12	1.1
12	fuere	5	1	0.1942	94.7573	12	1.1
12	quae	4	1	0.1942	94.9515	12	1.1
12	posisti	7	1	0.1942	95.1456	12	1.1
12	postquam	8	1	0.1942	95.3398	12	1.1
12	revortor	8	1	0.1942	95.534	12	1.1
12	renuntio	8	1	0.1942	95.7282	12	1.1
12	huc	3	1	0.1942	95.9223	12	1.1
12	adparetur	9	1	0.1942	96.1165	12	1.1
12	ibo	3	1	0.1942	96.3107	12	1.1
12	tun	3	1	0.1942	96.5049	12	1.1
12	respondes	9	1	0.1942	96.699	12	1.1
12	iocularium	10	1	0.1942	96.8932	12	1.1
12	tempore	7	1	0.1942	97.0874	12	1.1
12	hem	3	1	0.1942	97.2816	12	1.1
12	faciet	6	1	0.1942	97.4757	12	1.1
12	fugi	4	1	0.1942	97.6699	12	1.1
12	semper	6	1	0.1942	97.8641	12	1.1
12	has	3	1	0.1942	98.0583	12	1.1
12	recte	5	1	0.1942	98.2524	12	1.1
12	veni	4	1	0.1942	98.4466	12	1.1
12	miror	5	1	0.1942	98.6408	12	1.1
12	intellego	9	1	0.1942	98.835	12	1.1
12	quantum	7	1	0.1942	99.0291	12	1.1
12	haec	4	1	0.1942	99.2233	12	1.1
12	ancilla	7	1	0.1942	99.4175	12	1.1
12	andriast	8	1	0.1942	99.6117	12	1.1
12	unde	4	1	0.1942	99.8058	12	1.1
12	nosse	5	1	0.1942	100	12	1.1
