rank	word	wordlength	count	frequenz(count*100/157)	sum frequenz	zipf(rank*count)	zipf(max/rank)
1	quid	4	8	5.0955	5.0955	8	8
2	est	3	5	3.1847	8.2803	10	4
3	qui	3	4	2.5478	10.828	12	2.7
4	hoc	3	3	1.9108	12.7389	12	2
4	nam	3	3	1.9108	14.6497	12	2
4	id	2	3	1.9108	16.5605	12	2
4	non	3	3	1.9108	18.4713	12	2
4	quod	4	3	1.9108	20.3822	12	2
5	aut	3	2	1.2739	21.6561	10	1.6
5	si	2	2	1.2739	22.9299	10	1.6
5	quor	4	2	1.2739	24.2038	10	1.6
5	habeo	5	2	1.2739	25.4777	10	1.6
5	in	2	2	1.2739	26.7516	10	1.6
5	velis	5	2	1.2739	28.0255	10	1.6
5	igitur	6	2	1.2739	29.2994	10	1.6
5	tu	2	2	1.2739	30.5732	10	1.6
5	nequid	6	2	1.2739	31.8471	10	1.6
5	ei	2	2	1.2739	33.121	10	1.6
5	tibi	4	2	1.2739	34.3949	10	1.6
5	recte	5	2	1.2739	35.6688	10	1.6
5	ut	2	2	1.2739	36.9427	10	1.6
6	beasti	6	1	0.6369	37.5796	6	1.3
6	bene	4	1	0.6369	38.2166	6	1.3
6	factum	6	1	0.6369	38.8535	6	1.3
6	o	1	1	0.6369	39.4904	6	1.3
6	metui	5	1	0.6369	40.1274	6	1.3
6	a	1	1	0.6369	40.7643	6	1.3
6	dictum	6	1	0.6369	41.4013	6	1.3
6	teneo	5	1	0.6369	42.0382	6	1.3
6	fiant	5	1	0.6369	42.6752	6	1.3
6	verae	5	1	0.6369	43.3121	6	1.3
6	obstat	6	1	0.6369	43.949	6	1.3
6	hem	3	1	0.6369	44.586	6	1.3
6	mali	4	1	0.6369	45.2229	6	1.3
6	adportet	8	1	0.6369	45.8599	6	1.3
6	andria	6	1	0.6369	46.4968	6	1.3
6	vereor	6	1	0.6369	47.1338	6	1.3
6	parit	5	1	0.6369	47.7707	6	1.3
6	odium	5	1	0.6369	48.4076	6	1.3
6	veritas	7	1	0.6369	49.0446	6	1.3
6	chryside	8	1	0.6369	49.6815	6	1.3
6	putas	5	1	0.6369	50.3185	6	1.3
6	bona	4	1	0.6369	50.9554	6	1.3
6	illi	4	1	0.6369	51.5924	6	1.3
6	sat	3	1	0.6369	52.2293	6	1.3
6	quapropter	10	1	0.6369	52.8662	6	1.3
6	locus	5	1	0.6369	53.5032	6	1.3
6	obiurgandi	10	1	0.6369	54.1401	6	1.3
6	relictus	8	1	0.6369	54.7771	6	1.3
6	cedo	4	1	0.6369	55.414	6	1.3
6	gnatum	6	1	0.6369	56.051	6	1.3
6	ibi	3	1	0.6369	56.6879	6	1.3
6	malum	5	1	0.6369	57.3248	6	1.3
6	damnum	6	1	0.6369	57.9618	6	1.3
6	dederit	7	1	0.6369	58.5987	6	1.3
6	facias	6	1	0.6369	59.2357	6	1.3
6	fortasse	8	1	0.6369	59.8726	6	1.3
6	tulit	5	1	0.6369	60.5096	6	1.3
6	auxilium	8	1	0.6369	61.1465	6	1.3
6	vitae	5	1	0.6369	61.7834	6	1.3
6	obiurges	8	1	0.6369	62.4204	6	1.3
6	illum	5	1	0.6369	63.0573	6	1.3
6	obsequium	9	1	0.6369	63.6943	6	1.3
6	ais	3	1	0.6369	64.3312	6	1.3
6	evadas	6	1	0.6369	64.9682	6	1.3
6	quorsum	7	1	0.6369	65.6051	6	1.3
6	timeo	5	1	0.6369	66.242	6	1.3
6	quam	4	1	0.6369	66.879	6	1.3
6	amicos	6	1	0.6369	67.5159	6	1.3
6	vita	4	1	0.6369	68.1529	6	1.3
6	tempore	7	1	0.6369	68.7898	6	1.3
6	feci	4	1	0.6369	69.4268	6	1.3
6	gratiam	7	1	0.6369	70.0637	6	1.3
6	te	2	1	0.6369	70.7006	6	1.3
6	advorsum	8	1	0.6369	71.3376	6	1.3
6	fuisse	6	1	0.6369	71.9745	6	1.3
6	gratum	6	1	0.6369	72.6115	6	1.3
6	et	2	1	0.6369	73.2484	6	1.3
6	simo	4	1	0.6369	73.8854	6	1.3
6	placeat	7	1	0.6369	74.5223	6	1.3
6	facio	5	1	0.6369	75.1592	6	1.3
6	gaudeo	6	1	0.6369	75.7962	6	1.3
6	mihi	4	1	0.6369	76.4331	6	1.3
6	memoria	7	1	0.6369	77.0701	6	1.3
6	exspecto	8	1	0.6369	77.707	6	1.3
6	amplius	7	1	0.6369	78.3439	6	1.3
6	possit	6	1	0.6369	78.9809	6	1.3
6	efficere	8	1	0.6369	79.6178	6	1.3
6	ars	3	1	0.6369	80.2548	6	1.3
6	mea	3	1	0.6369	80.8917	6	1.3
6	haec	4	1	0.6369	81.5287	6	1.3
6	curentur	8	1	0.6369	82.1656	6	1.3
6	nempe	5	1	0.6369	82.8025	6	1.3
6	sed	3	1	0.6369	83.4395	6	1.3
6	molestumst	10	1	0.6369	84.0764	6	1.3
6	namque	6	1	0.6369	84.7134	6	1.3
6	itast	5	1	0.6369	85.3503	6	1.3
6	instituit	9	1	0.6369	85.9873	6	1.3
6	vitam	5	1	0.6369	86.6242	6	1.3
6	sapienter	9	1	0.6369	87.2611	6	1.3
6	nimis	5	1	0.6369	87.8981	6	1.3
6	utile	5	1	0.6369	88.535	6	1.3
6	esse	4	1	0.6369	89.172	6	1.3
6	puta	4	1	0.6369	89.8089	6	1.3
6	adprime	7	1	0.6369	90.4459	6	1.3
6	arbitror	8	1	0.6369	91.0828	6	1.3
6	iniuria	7	1	0.6369	91.7197	6	1.3
6	simulas	7	1	0.6369	92.3567	6	1.3
6	istaec	6	1	0.6369	92.9936	6	1.3
6	me	2	1	0.6369	93.6306	6	1.3
6	dic	3	1	0.6369	94.2675	6	1.3
6	verbo	5	1	0.6369	94.9045	6	1.3
6	uno	3	1	0.6369	95.5414	6	1.3
6	quin	4	1	0.6369	96.1783	6	1.3
6	benefici	8	1	0.6369	96.8153	6	1.3
6	inmemoris	9	1	0.6369	97.4522	6	1.3
6	exprobratiost	13	1	0.6369	98.0892	6	1.3
6	quasi	5	1	0.6369	98.7261	6	1.3
6	commemoratio	12	1	0.6369	99.3631	6	1.3
6	curabo	6	1	0.6369	100	6	1.3
