rank	word	wordlength	count	frequenz(count*100/496)	sum frequenz	zipf(rank*count)	zipf(max/rank)
1	ego	3	10	2.0161	2.0161	10	10
2	tu	2	8	1.6129	3.629	16	5
3	et	2	7	1.4113	5.0403	21	3.3
3	quam	4	7	1.4113	6.4516	21	3.3
4	ut	2	6	1.2097	7.6613	24	2.5
4	me	2	6	1.2097	8.871	24	2.5
5	thais	5	5	1.0081	9.879	25	2
5	mihi	4	5	1.0081	10.8871	25	2
5	se	2	5	1.0081	11.8952	25	2
5	ad	2	5	1.0081	12.9032	25	2
5	hic	3	5	1.0081	13.9113	25	2
6	ubi	3	4	0.8065	14.7177	24	1.7
6	tibi	4	4	0.8065	15.5242	24	1.7
6	quid	4	4	0.8065	16.3306	24	1.7
6	sed	3	4	0.8065	17.1371	24	1.7
6	eam	3	4	0.8065	17.9435	24	1.7
6	rem	3	4	0.8065	18.75	24	1.7
6	haec	4	4	0.8065	19.5565	24	1.7
6	non	3	4	0.8065	20.3629	24	1.7
6	esse	4	4	0.8065	21.1694	24	1.7
6	nisi	4	4	0.8065	21.9758	24	1.7
7	ea	2	3	0.6048	22.5806	21	1.4
7	quod	4	3	0.6048	23.1855	21	1.4
7	illam	5	3	0.6048	23.7903	21	1.4
7	est	3	3	0.6048	24.3952	21	1.4
7	hinc	4	3	0.6048	25	21	1.4
7	ne	2	3	0.6048	25.6048	21	1.4
7	nil	3	3	0.6048	26.2097	21	1.4
7	thai	4	3	0.6048	26.8145	21	1.4
7	aut	3	3	0.6048	27.4194	21	1.4
7	hercle	6	3	0.6048	28.0242	21	1.4
7	si	2	3	0.6048	28.629	21	1.4
7	eo	2	3	0.6048	29.2339	21	1.4
7	dico	4	3	0.6048	29.8387	21	1.4
7	ecquis	6	3	0.6048	30.4435	21	1.4
7	mi	2	3	0.6048	31.0484	21	1.4
7	iam	3	3	0.6048	31.6532	21	1.4
8	hodie	5	2	0.4032	32.0565	16	1.3
8	te	2	2	0.4032	32.4597	16	1.3
8	dum	3	2	0.4032	32.8629	16	1.3
8	viden	5	2	0.4032	33.2661	16	1.3
8	abis	4	2	0.4032	33.6694	16	1.3
8	at	2	2	0.4032	34.0726	16	1.3
8	friget	6	2	0.4032	34.4758	16	1.3
8	in	2	2	0.4032	34.879	16	1.3
8	rus	3	2	0.4032	35.2823	16	1.3
8	sunt	4	2	0.4032	35.6855	16	1.3
8	a	1	2	0.4032	36.0887	16	1.3
8	attat	5	2	0.4032	36.4919	16	1.3
8	hoc	3	2	0.4032	36.8952	16	1.3
8	minus	5	2	0.4032	37.2984	16	1.3
8	quanto	6	2	0.4032	37.7016	16	1.3
8	inquam	6	2	0.4032	38.1048	16	1.3
8	soror	5	2	0.4032	38.5081	16	1.3
8	heus	4	2	0.4032	38.9113	16	1.3
8	verum	5	2	0.4032	39.3145	16	1.3
8	faciam	6	2	0.4032	39.7177	16	1.3
8	neque	5	2	0.4032	40.121	16	1.3
8	omnia	5	2	0.4032	40.5242	16	1.3
8	nunc	4	2	0.4032	40.9274	16	1.3
8	nimirum	7	2	0.4032	41.3306	16	1.3
8	miles	5	2	0.4032	41.7339	16	1.3
8	ita	3	2	0.4032	42.1371	16	1.3
8	iamdudum	8	2	0.4032	42.5403	16	1.3
8	video	5	2	0.4032	42.9435	16	1.3
8	tum	3	2	0.4032	43.3468	16	1.3
8	quom	4	2	0.4032	43.75	16	1.3
8	cum	3	2	0.4032	44.1532	16	1.3
8	illa	4	2	0.4032	44.5565	16	1.3
8	ibi	3	2	0.4032	44.9597	16	1.3
8	qui	3	2	0.4032	45.3629	16	1.3
8	istuc	5	2	0.4032	45.7661	16	1.3
8	quis	4	2	0.4032	46.1694	16	1.3
8	sum	3	2	0.4032	46.5726	16	1.3
8	mecum	5	2	0.4032	46.9758	16	1.3
8	fieri	5	2	0.4032	47.379	16	1.3
8	malo	4	2	0.4032	47.7823	16	1.3
9	hominem	7	1	0.2016	47.9839	9	1.1
9	uti	3	1	0.2016	48.1855	9	1.1
9	vivat	5	1	0.2016	48.3871	9	1.1
9	ah	2	1	0.2016	48.5887	9	1.1
9	nam	3	1	0.2016	48.7903	9	1.1
9	meritas	7	1	0.2016	48.9919	9	1.1
9	minu	4	1	0.2016	49.1935	9	1.1
9	metuo	5	1	0.2016	49.3952	9	1.1
9	qualem	6	1	0.2016	49.5968	9	1.1
9	intellexi	9	1	0.2016	49.7984	9	1.1
9	existumes	9	1	0.2016	50	9	1.1
9	extrusit	8	1	0.2016	50.2016	9	1.1
9	scio	4	1	0.2016	50.4032	9	1.1
9	cavere	6	1	0.2016	50.6048	9	1.1
9	correxit	8	1	0.2016	50.8065	9	1.1
9	possis	6	1	0.2016	51.0081	9	1.1
9	stultum	7	1	0.2016	51.2097	9	1.1
9	admittere	9	1	0.2016	51.4113	9	1.1
9	nos	3	1	0.2016	51.6129	9	1.1
9	quia	4	1	0.2016	51.8145	9	1.1
9	illum	5	1	0.2016	52.0161	9	1.1
9	east	4	1	0.2016	52.2177	9	1.1
9	hem	3	1	0.2016	52.4194	9	1.1
9	antevorterim	12	1	0.2016	52.621	9	1.1
9	quantas	7	1	0.2016	52.8226	9	1.1
9	quasi	5	1	0.2016	53.0242	9	1.1
9	ais	3	1	0.2016	53.2258	9	1.1
9	copias	6	1	0.2016	53.4274	9	1.1
9	adducere	8	1	0.2016	53.629	9	1.1
9	secum	5	1	0.2016	53.8306	9	1.1
9	adsum	5	1	0.2016	54.0323	9	1.1
9	apage	5	1	0.2016	54.2339	9	1.1
9	sis	3	1	0.2016	54.4355	9	1.1
9	huic	4	1	0.2016	54.6371	9	1.1
9	referetur	9	1	0.2016	54.8387	9	1.1
9	habetur	7	1	0.2016	55.0403	9	1.1
9	egon	4	1	0.2016	55.2419	9	1.1
9	militem	7	1	0.2016	55.4435	9	1.1
9	miror	5	1	0.2016	55.6452	9	1.1
9	gratia	6	1	0.2016	55.8468	9	1.1
9	ipsam	5	1	0.2016	56.0484	9	1.1
9	formidulosu	11	1	0.2016	56.25	9	1.1
9	eccam	5	1	0.2016	56.4516	9	1.1
9	foras	5	1	0.2016	56.6532	9	1.1
9	nemost	6	1	0.2016	56.8548	9	1.1
9	hominum	7	1	0.2016	57.0565	9	1.1
9	profecto	8	1	0.2016	57.2581	9	1.1
9	prospicere	10	1	0.2016	57.4597	9	1.1
9	caput	5	1	0.2016	57.6613	9	1.1
9	atticam	7	1	0.2016	57.8629	9	1.1
9	civem	5	1	0.2016	58.0645	9	1.1
9	liberam	7	1	0.2016	58.2661	9	1.1
9	principio	9	1	0.2016	58.4677	9	1.1
9	scibi	5	1	0.2016	58.6694	9	1.1
9	tuum	4	1	0.2016	58.871	9	1.1
9	diminuam	8	1	0.2016	59.0726	9	1.1
9	sororem	7	1	0.2016	59.2742	9	1.1
9	memineris	9	1	0.2016	59.4758	9	1.1
9	semper	6	1	0.2016	59.6774	9	1.1
9	meique	6	1	0.2016	59.879	9	1.1
9	dieique	7	1	0.2016	60.0806	9	1.1
9	loci	4	1	0.2016	60.2823	9	1.1
9	huius	5	1	0.2016	60.4839	9	1.1
9	coeperis	8	1	0.2016	60.6855	9	1.1
9	meam	4	1	0.2016	60.8871	9	1.1
9	adeo	4	1	0.2016	61.0887	9	1.1
9	quicquam	8	1	0.2016	61.2903	9	1.1
9	prohibebo	9	1	0.2016	61.4919	9	1.1
9	ac	2	1	0.2016	61.6935	9	1.1
9	promoves	8	1	0.2016	61.8952	9	1.1
9	nutrix	6	1	0.2016	62.0968	9	1.1
9	ocius	5	1	0.2016	62.2984	9	1.1
9	vero	4	1	0.2016	62.5	9	1.1
9	move	4	1	0.2016	62.7016	9	1.1
9	ostendam	8	1	0.2016	62.9032	9	1.1
9	edico	5	1	0.2016	63.1048	9	1.1
9	signa	5	1	0.2016	63.3065	9	1.1
9	adducam	7	1	0.2016	63.5081	9	1.1
9	nutricem	8	1	0.2016	63.7097	9	1.1
9	sophronam	9	1	0.2016	63.9113	9	1.1
9	ullam	5	1	0.2016	64.1129	9	1.1
9	facias	6	1	0.2016	64.3145	9	1.1
9	vim	3	1	0.2016	64.5161	9	1.1
9	turbae	6	1	0.2016	64.7177	9	1.1
9	habeat	6	1	0.2016	64.9194	9	1.1
9	hunc	4	1	0.2016	65.121	9	1.1
9	transcurro	10	1	0.2016	65.3226	9	1.1
9	id	2	1	0.2016	65.5242	9	1.1
9	nobis	5	1	0.2016	65.7258	9	1.1
9	advocatos	9	1	0.2016	65.9274	9	1.1
9	adesse	6	1	0.2016	66.129	9	1.1
9	volo	4	1	0.2016	66.3306	9	1.1
9	forum	5	1	0.2016	66.5323	9	1.1
9	intu	4	1	0.2016	66.7339	9	1.1
9	hac	3	1	0.2016	66.9355	9	1.1
9	ostium	6	1	0.2016	67.1371	9	1.1
9	obsera	6	1	0.2016	67.3387	9	1.1
9	atque	5	1	0.2016	67.5403	9	1.1
9	abi	3	1	0.2016	67.7419	9	1.1
9	iniuria	7	1	0.2016	67.9435	9	1.1
9	accepta	7	1	0.2016	68.1452	9	1.1
9	ulcisci	7	1	0.2016	68.3468	9	1.1
9	turba	5	1	0.2016	68.5484	9	1.1
9	meliust	7	1	0.2016	68.75	9	1.1
9	res	3	1	0.2016	68.9516	9	1.1
9	aedibus	7	1	0.2016	69.1532	9	1.1
9	scin	4	1	0.2016	69.3548	9	1.1
9	furcifer	8	1	0.2016	69.5565	9	1.1
9	autem	5	1	0.2016	69.7581	9	1.1
9	tuam	4	1	0.2016	69.9597	9	1.1
9	omnium	6	1	0.2016	70.1613	9	1.1
9	tangas	6	1	0.2016	70.3629	9	1.1
9	reddat	6	1	0.2016	70.5645	9	1.1
9	occludendis	11	1	0.2016	70.7661	9	1.1
9	omitte	6	1	0.2016	70.9677	9	1.1
9	de	2	1	0.2016	71.1694	9	1.1
9	rectumst	8	1	0.2016	71.371	9	1.1
9	illud	5	1	0.2016	71.5726	9	1.1
9	consilium	9	1	0.2016	71.7742	9	1.1
9	agit	4	1	0.2016	71.9758	9	1.1
9	probe	5	1	0.2016	72.1774	9	1.1
9	adero	5	1	0.2016	72.379	9	1.1
9	dicere	6	1	0.2016	72.5806	9	1.1
9	pes	3	1	0.2016	72.7823	9	1.1
9	nescibam	8	1	0.2016	72.9839	9	1.1
9	credo	5	1	0.2016	73.1855	9	1.1
9	quaerere	8	1	0.2016	73.3871	9	1.1
9	huc	3	1	0.2016	73.5887	9	1.1
9	evasit	6	1	0.2016	73.7903	9	1.1
9	pridem	6	1	0.2016	73.9919	9	1.1
9	pater	5	1	0.2016	74.1935	9	1.1
9	mater	5	1	0.2016	74.3952	9	1.1
9	mortui	6	1	0.2016	74.5968	9	1.1
9	essent	6	1	0.2016	74.7984	9	1.1
9	iamdiu	6	1	0.2016	75	9	1.1
9	sunii	5	1	0.2016	75.2016	9	1.1
9	ecquod	6	1	0.2016	75.4032	9	1.1
9	habeam	6	1	0.2016	75.6048	9	1.1
9	longe	5	1	0.2016	75.8065	9	1.1
9	mari	4	1	0.2016	76.0081	9	1.1
9	ei	2	1	0.2016	76.2097	9	1.1
9	dare	4	1	0.2016	76.4113	9	1.1
9	placere	7	1	0.2016	76.6129	9	1.1
9	sperat	6	1	0.2016	76.8145	9	1.1
9	avellere	8	1	0.2016	77.0161	9	1.1
9	postremo	8	1	0.2016	77.2177	9	1.1
9	ecqua	5	1	0.2016	77.4194	9	1.1
9	inde	4	1	0.2016	77.621	9	1.1
9	parva	5	1	0.2016	77.8226	9	1.1
9	periisset	9	1	0.2016	78.0242	9	1.1
9	una	3	1	0.2016	78.2258	9	1.1
9	habuisset	9	1	0.2016	78.4274	9	1.1
9	perit	5	1	0.2016	78.629	9	1.1
9	posset	6	1	0.2016	78.8306	9	1.1
9	noscere	7	1	0.2016	79.0323	9	1.1
9	quor	4	1	0.2016	79.2339	9	1.1
9	sermonem	8	1	0.2016	79.4355	9	1.1
9	sese	4	1	0.2016	79.6371	9	1.1
9	forte	5	1	0.2016	79.8387	9	1.1
9	noram	5	1	0.2016	80.0403	9	1.1
9	mage	4	1	0.2016	80.2419	9	1.1
9	magisque	8	1	0.2016	80.4435	9	1.1
9	cogito	6	1	0.2016	80.6452	9	1.1
9	dabit	5	1	0.2016	80.8468	9	1.1
9	magnum	6	1	0.2016	81.0484	9	1.1
9	malum	5	1	0.2016	81.25	9	1.1
9	ab	2	1	0.2016	81.4516	9	1.1
9	astute	6	1	0.2016	81.6532	9	1.1
9	labefactarier	13	1	0.2016	81.8548	9	1.1
9	primum	6	1	0.2016	82.0565	9	1.1
9	iussit	6	1	0.2016	82.2581	9	1.1
9	accersier	9	1	0.2016	82.4597	9	1.1
9	roget	5	1	0.2016	82.6613	9	1.1
9	rei	3	1	0.2016	82.8629	9	1.1
9	quidem	6	1	0.2016	83.0645	9	1.1
9	accumbere	9	1	0.2016	83.2661	9	1.1
9	veni	4	1	0.2016	83.4677	9	1.1
9	causam	6	1	0.2016	83.6694	9	1.1
9	manerem	7	1	0.2016	83.871	9	1.1
9	repperit	8	1	0.2016	84.0726	9	1.1
9	ait	3	1	0.2016	84.2742	9	1.1
9	divinam	7	1	0.2016	84.4758	9	1.1
9	fecisse	7	1	0.2016	84.6774	9	1.1
9	seriam	6	1	0.2016	84.879	9	1.1
9	velle	5	1	0.2016	85.0806	9	1.1
9	agere	5	1	0.2016	85.2823	9	1.1
9	erat	4	1	0.2016	85.4839	9	1.1
9	suspicio	8	1	0.2016	85.6855	9	1.1
9	dolo	4	1	0.2016	85.8871	9	1.1
9	ipsa	4	1	0.2016	86.0887	9	1.1
9	quaeritet	9	1	0.2016	86.2903	9	1.1
9	quae	4	1	0.2016	86.4919	9	1.1
9	innuit	6	1	0.2016	86.6935	9	1.1
9	verbum	6	1	0.2016	86.8952	9	1.1
9	sobrius	7	1	0.2016	87.0968	9	1.1
9	postquam	8	1	0.2016	87.2984	9	1.1
9	surrexi	7	1	0.2016	87.5	9	1.1
9	mens	4	1	0.2016	87.7016	9	1.1
9	sati	4	1	0.2016	87.9032	9	1.1
9	suom	4	1	0.2016	88.1048	9	1.1
9	officium	8	1	0.2016	88.3065	9	1.1
9	facit	5	1	0.2016	88.5081	9	1.1
9	ehem	4	1	0.2016	88.7097	9	1.1
9	pythias	7	1	0.2016	88.9113	9	1.1
9	vah	3	1	0.2016	89.1129	9	1.1
9	formonsior	10	1	0.2016	89.3145	9	1.1
9	videre	6	1	0.2016	89.5161	9	1.1
9	dudum	5	1	0.2016	89.7177	9	1.1
9	erit	4	1	0.2016	89.9194	9	1.1
9	videbar	7	1	0.2016	90.121	9	1.1
9	sine	4	1	0.2016	90.3226	9	1.1
9	cerere	6	1	0.2016	90.5242	9	1.1
9	libero	6	1	0.2016	90.7258	9	1.1
9	venus	5	1	0.2016	90.9274	9	1.1
9	multo	5	1	0.2016	91.129	9	1.1
9	ante	4	1	0.2016	91.3306	9	1.1
9	venit	5	1	0.2016	91.5323	9	1.1
9	aetatem	7	1	0.2016	91.7339	9	1.1
9	lites	5	1	0.2016	91.9355	9	1.1
9	factae	6	1	0.2016	92.1371	9	1.1
9	inter	5	1	0.2016	92.3387	9	1.1
9	eos	3	1	0.2016	92.5403	9	1.1
9	maxumae	7	1	0.2016	92.7419	9	1.1
9	abiens	6	1	0.2016	92.9435	9	1.1
9	pulchre	7	1	0.2016	93.1452	9	1.1
9	accubabam	9	1	0.2016	93.3468	9	1.1
9	olim	4	1	0.2016	93.5484	9	1.1
9	venirem	7	1	0.2016	93.75	9	1.1
9	periit	6	1	0.2016	93.9516	9	1.1
9	parvola	7	1	0.2016	94.1532	9	1.1
9	hanc	4	1	0.2016	94.3548	9	1.1
9	intendit	8	1	0.2016	94.5565	9	1.1
9	audacia	7	1	0.2016	94.7581	9	1.1
9	vivit	5	1	0.2016	94.9597	9	1.1
9	annos	5	1	0.2016	95.1613	9	1.1
9	natast	6	1	0.2016	95.3629	9	1.1
9	sedecim	7	1	0.2016	95.5645	9	1.1
9	maior	5	1	0.2016	95.7661	9	1.1
9	maiusculast	11	1	0.2016	95.9677	9	1.1
9	misit	5	1	0.2016	96.1694	9	1.1
9	porro	5	1	0.2016	96.371	9	1.1
9	orare	5	1	0.2016	96.5726	9	1.1
9	serio	5	1	0.2016	96.7742	9	1.1
9	bibi	4	1	0.2016	96.9758	9	1.1
9	dicat	5	1	0.2016	97.1774	9	1.1
9	volt	4	1	0.2016	97.379	9	1.1
9	molesta	7	1	0.2016	97.5806	9	1.1
9	siet	4	1	0.2016	97.7823	9	1.1
9	veniam	6	1	0.2016	97.9839	9	1.1
9	tertio	6	1	0.2016	98.1855	9	1.1
9	chremes	7	1	0.2016	98.3871	9	1.1
9	insidias	8	1	0.2016	98.5887	9	1.1
9	possum	6	1	0.2016	98.7903	9	1.1
9	malam	5	1	0.2016	98.9919	9	1.1
9	data	4	1	0.2016	99.1935	9	1.1
9	verba	5	1	0.2016	99.3952	9	1.1
9	vicit	5	1	0.2016	99.5968	9	1.1
9	vinum	5	1	0.2016	99.7984	9	1.1
9	memoriter	9	1	0.2016	100	9	1.1
