rank	word	wordlength	count	frequenz(count*100/549)	sum frequenz	zipf(rank*count)	zipf(max/rank)
1	me	2	15	2.7322	2.7322	15	15
2	quod	4	9	1.6393	4.3716	18	7.5
2	est	3	9	1.6393	6.0109	18	7.5
3	ut	2	8	1.4572	7.4681	24	5
4	hoc	3	6	1.0929	8.561	24	3.8
4	nam	3	6	1.0929	9.6539	24	3.8
4	et	2	6	1.0929	10.7468	24	3.8
4	se	2	6	1.0929	11.8397	24	3.8
4	mi	2	6	1.0929	12.9326	24	3.8
5	id	2	5	0.9107	13.8434	25	3
5	pol	3	5	0.9107	14.7541	25	3
6	pamphile	8	4	0.7286	15.4827	24	2.5
6	te	2	4	0.7286	16.2113	24	2.5
6	ad	2	4	0.7286	16.9399	24	2.5
6	haec	4	4	0.7286	17.6685	24	2.5
6	qui	3	4	0.7286	18.3971	24	2.5
6	de	2	4	0.7286	19.1257	24	2.5
6	numquam	7	4	0.7286	19.8543	24	2.5
6	in	2	4	0.7286	20.5829	24	2.5
7	quam	4	3	0.5464	21.1293	21	2.1
7	ecastor	7	3	0.5464	21.6758	21	2.1
7	uxorem	6	3	0.5464	22.2222	21	2.1
7	sed	3	3	0.5464	22.7687	21	2.1
7	quid	4	3	0.5464	23.3151	21	2.1
7	si	2	3	0.5464	23.8616	21	2.1
7	ex	2	3	0.5464	24.408	21	2.1
7	anulum	6	3	0.5464	24.9545	21	2.1
7	ego	3	3	0.5464	25.5009	21	2.1
7	illi	4	3	0.5464	26.0474	21	2.1
7	res	3	3	0.5464	26.5938	21	2.1
7	esse	4	3	0.5464	27.1403	21	2.1
7	etiam	5	3	0.5464	27.6867	21	2.1
8	eum	3	2	0.3643	28.051	16	1.9
8	habuisse	8	2	0.3643	28.4153	16	1.9
8	facere	6	2	0.3643	28.7796	16	1.9
8	at	2	2	0.3643	29.1439	16	1.9
8	immo	4	2	0.3643	29.5082	16	1.9
8	fidem	5	2	0.3643	29.8725	16	1.9
8	philumenam	10	2	0.3643	30.2368	16	1.9
8	rem	3	2	0.3643	30.6011	16	1.9
8	dum	3	2	0.3643	30.9654	16	1.9
8	nil	3	2	0.3643	31.3297	16	1.9
8	fecisse	7	2	0.3643	31.694	16	1.9
8	eam	3	2	0.3643	32.0583	16	1.9
8	meretrices	10	2	0.3643	32.4226	16	1.9
8	myrrina	7	2	0.3643	32.7869	16	1.9
8	pamphilo	8	2	0.3643	33.1512	16	1.9
8	a	1	2	0.3643	33.5155	16	1.9
8	hic	3	2	0.3643	33.8798	16	1.9
8	factum	6	2	0.3643	34.2441	16	1.9
8	hodie	5	2	0.3643	34.6084	16	1.9
8	pamphilum	9	2	0.3643	34.9727	16	1.9
8	inde	4	2	0.3643	35.337	16	1.9
8	dic	3	2	0.3643	35.7013	16	1.9
8	eo	2	2	0.3643	36.0656	16	1.9
8	unde	4	2	0.3643	36.4299	16	1.9
8	etsi	4	2	0.3643	36.7942	16	1.9
8	scio	4	2	0.3643	37.1585	16	1.9
8	nuptiis	7	2	0.3643	37.5228	16	1.9
8	gnatum	6	2	0.3643	37.8871	16	1.9
8	hunc	4	2	0.3643	38.2514	16	1.9
8	ubi	3	2	0.3643	38.6157	16	1.9
8	homo	4	2	0.3643	38.98	16	1.9
8	quisquam	8	2	0.3643	39.3443	16	1.9
8	non	3	2	0.3643	39.7086	16	1.9
8	aliae	5	2	0.3643	40.0729	16	1.9
8	salve	5	2	0.3643	40.4372	16	1.9
8	meo	3	2	0.3643	40.8015	16	1.9
8	quot	4	2	0.3643	41.1658	16	1.9
8	mihi	4	2	0.3643	41.5301	16	1.9
8	quaesti	7	2	0.3643	41.8944	16	1.9
8	sum	3	2	0.3643	42.2587	16	1.9
8	ita	3	2	0.3643	42.623	16	1.9
8	ne	2	2	0.3643	42.9872	16	1.9
8	lache	5	2	0.3643	43.3515	16	1.9
8	re	2	2	0.3643	43.7158	16	1.9
8	tibi	4	2	0.3643	44.0801	16	1.9
8	gratia	6	2	0.3643	44.4444	16	1.9
8	phidippo	8	2	0.3643	44.8087	16	1.9
8	fuit	4	2	0.3643	45.173	16	1.9
8	nec	3	2	0.3643	45.5373	16	1.9
8	sit	3	2	0.3643	45.9016	16	1.9
9	his	3	1	0.1821	46.0838	9	1.7
9	anulus	6	1	0.1821	46.2659	9	1.7
9	suspectu	8	1	0.1821	46.4481	9	1.7
9	suo	3	1	0.1821	46.6302	9	1.7
9	instare	7	1	0.1821	46.8124	9	1.7
9	dicat	5	1	0.1821	46.9945	9	1.7
9	inveniundis	11	1	0.1821	47.1767	9	1.7
9	fatetur	7	1	0.1821	47.3588	9	1.7
9	initium	7	1	0.1821	47.541	9	1.7
9	detraxisse	10	1	0.1821	47.7231	9	1.7
9	via	3	1	0.1821	47.9053	9	1.7
9	vi	2	1	0.1821	48.0874	9	1.7
9	luctat	6	1	0.1821	48.2696	9	1.7
9	nescioquam	10	1	0.1821	48.4517	9	1.7
9	patri	5	1	0.1821	48.6339	9	1.7
9	rebus	5	1	0.1821	48.816	9	1.7
9	compressisse	12	1	0.1821	48.9982	9	1.7
9	dicitque	8	1	0.1821	49.1803	9	1.7
9	exsolvi	7	1	0.1821	49.3625	9	1.7
9	adeo	4	1	0.1821	49.5446	9	1.7
9	sese	4	1	0.1821	49.7268	9	1.7
9	coepi	5	1	0.1821	49.9089	9	1.7
9	extimui	7	1	0.1821	50.0911	9	1.7
9	memini	6	1	0.1821	50.2732	9	1.7
9	prima	5	1	0.1821	50.4554	9	1.7
9	ilico	5	1	0.1821	50.6375	9	1.7
9	cum	3	1	0.1821	50.8197	9	1.7
9	plenum	6	1	0.1821	51.0018	9	1.7
9	inquam	6	1	0.1821	51.184	9	1.7
9	amabo	5	1	0.1821	51.3661	9	1.7
9	vini	4	1	0.1821	51.5483	9	1.7
9	exanimatus	10	1	0.1821	51.7304	9	1.7
9	comite	6	1	0.1821	51.9126	9	1.7
9	sine	4	1	0.1821	52.0947	9	1.7
9	domum	5	1	0.1821	52.2769	9	1.7
9	obsecro	7	1	0.1821	52.459	9	1.7
9	anhelantem	10	1	0.1821	52.6412	9	1.7
9	aut	3	1	0.1821	52.8233	9	1.7
9	confugere	9	1	0.1821	53.0055	9	1.7
9	nocte	5	1	0.1821	53.1876	9	1.7
9	mage	4	1	0.1821	53.3698	9	1.7
9	fere	4	1	0.1821	53.5519	9	1.7
9	decem	5	1	0.1821	53.7341	9	1.7
9	mensis	6	1	0.1821	53.9162	9	1.7
9	istum	5	1	0.1821	54.0984	9	1.7
9	nactus	6	1	0.1821	54.2805	9	1.7
9	abhinc	6	1	0.1821	54.4627	9	1.7
9	ille	4	1	0.1821	54.6448	9	1.7
9	alias	5	1	0.1821	54.827	9	1.7
9	agere	5	1	0.1821	55.0091	9	1.7
9	simulare	8	1	0.1821	55.1913	9	1.7
9	postquam	8	1	0.1821	55.3734	9	1.7
9	video	5	1	0.1821	55.5556	9	1.7
9	nescioquid	10	1	0.1821	55.7377	9	1.7
9	anulo	5	1	0.1821	55.9199	9	1.7
9	suspicarier	11	1	0.1821	56.102	9	1.7
9	contigisse	10	1	0.1821	56.2842	9	1.7
9	cognovit	8	1	0.1821	56.4663	9	1.7
9	antiquom	8	1	0.1821	56.6485	9	1.7
9	blandior	8	1	0.1821	56.8306	9	1.7
9	vivat	5	1	0.1821	57.0128	9	1.7
9	hominum	7	1	0.1821	57.1949	9	1.7
9	unus	4	1	0.1821	57.377	9	1.7
9	obtines	7	1	0.1821	57.5592	9	1.7
9	ingenium	8	1	0.1821	57.7413	9	1.7
9	atque	5	1	0.1821	57.9235	9	1.7
9	morem	5	1	0.1821	58.1056	9	1.7
9	amasti	6	1	0.1821	58.2878	9	1.7
9	tu	2	1	0.1821	58.4699	9	1.7
9	volup	5	1	0.1821	58.6521	9	1.7
9	bene	4	1	0.1821	58.8342	9	1.7
9	ferre	5	1	0.1821	59.0164	9	1.7
9	aequomst	8	1	0.1821	59.1985	9	1.7
9	incommoda	9	1	0.1821	59.3807	9	1.7
9	eius	4	1	0.1821	59.5628	9	1.7
9	commoda	7	1	0.1821	59.745	9	1.7
9	recte	5	1	0.1821	59.9271	9	1.7
9	tuam	4	1	0.1821	60.1093	9	1.7
9	quo	3	1	0.1821	60.2914	9	1.7
9	occultari	9	1	0.1821	60.4736	9	1.7
9	sibi	4	1	0.1821	60.6557	9	1.7
9	propterea	9	1	0.1821	60.8379	9	1.7
9	iureiurando	11	1	0.1821	61.02	9	1.7
9	dixit	5	1	0.1821	61.2022	9	1.7
9	dabo	4	1	0.1821	61.3843	9	1.7
9	credas	6	1	0.1821	61.5665	9	1.7
9	facilius	8	1	0.1821	61.7486	9	1.7
9	ament	5	1	0.1821	61.9308	9	1.7
9	ante	4	1	0.1821	62.1129	9	1.7
9	di	2	1	0.1821	62.2951	9	1.7
9	visast	6	1	0.1821	62.4772	9	1.7
9	perliberali	11	1	0.1821	62.6594	9	1.7
9	videram	7	1	0.1821	62.8415	9	1.7
9	nossem	6	1	0.1821	63.0237	9	1.7
9	oculis	6	1	0.1821	63.2058	9	1.7
9	meis	4	1	0.1821	63.388	9	1.7
9	diem	4	1	0.1821	63.5701	9	1.7
9	fuerint	7	1	0.1821	63.7523	9	1.7
9	multa	5	1	0.1821	63.9344	9	1.7
9	digito	6	1	0.1821	64.1166	9	1.7
9	filium	6	1	0.1821	64.2987	9	1.7
9	nolunt	6	1	0.1821	64.4809	9	1.7
9	laetor	6	1	0.1821	64.663	9	1.7
9	reddo	5	1	0.1821	64.8452	9	1.7
9	gaudia	6	1	0.1821	65.0273	9	1.7
9	propter	7	1	0.1821	65.2095	9	1.7
9	tot	3	1	0.1821	65.3916	9	1.7
9	natum	5	1	0.1821	65.5738	9	1.7
9	ab	2	1	0.1821	65.7559	9	1.7
9	enim	4	1	0.1821	65.9381	9	1.7
9	compressam	10	1	0.1821	66.1202	9	1.7
9	facta	5	1	0.1821	66.3024	9	1.7
9	cognitio	8	1	0.1821	66.4845	9	1.7
9	omnia	5	1	0.1821	66.6667	9	1.7
9	narro	5	1	0.1821	66.8488	9	1.7
9	rogat	5	1	0.1821	67.031	9	1.7
9	habentem	8	1	0.1821	67.2131	9	1.7
9	modo	4	1	0.1821	67.3953	9	1.7
9	neque	5	1	0.1821	67.5774	9	1.7
9	nostram	7	1	0.1821	67.7596	9	1.7
9	eveniret	8	1	0.1821	67.9417	9	1.7
9	benigno	7	1	0.1821	68.1239	9	1.7
9	merito	6	1	0.1821	68.306	9	1.7
9	arbitror	8	1	0.1821	68.4882	9	1.7
9	fateor	6	1	0.1821	68.6703	9	1.7
9	evenit	6	1	0.1821	68.8525	9	1.7
9	incommode	9	1	0.1821	69.0346	9	1.7
9	comi	4	1	0.1821	69.2168	9	1.7
9	lepido	6	1	0.1821	69.3989	9	1.7
9	usa	3	1	0.1821	69.5811	9	1.7
9	amator	6	1	0.1821	69.7632	9	1.7
9	licitumst	9	1	0.1821	69.9454	9	1.7
9	illo	4	1	0.1821	70.1275	9	1.7
9	partis	6	1	0.1821	70.3097	9	1.7
9	adducam	7	1	0.1821	70.4918	9	1.7
9	malas	5	1	0.1821	70.674	9	1.7
9	animum	6	1	0.1821	70.8561	9	1.7
9	verum	5	1	0.1821	71.0383	9	1.7
9	laetetur	8	1	0.1821	71.2204	9	1.7
9	qua	3	1	0.1821	71.4026	9	1.7
9	gnatae	6	1	0.1821	71.5847	9	1.7
9	habiturum	9	1	0.1821	71.7668	9	1.7
9	duxit	5	1	0.1821	71.949	9	1.7
9	quaestu	7	1	0.1821	72.1311	9	1.7
9	alia	4	1	0.1821	72.3133	9	1.7
9	esset	5	1	0.1821	72.4954	9	1.7
9	faciam	6	1	0.1821	72.6776	9	1.7
9	cedo	4	1	0.1821	72.8597	9	1.7
9	vis	3	1	0.1821	73.0419	9	1.7
9	segregatum	10	1	0.1821	73.224	9	1.7
9	faceret	7	1	0.1821	73.4062	9	1.7
9	pollicerer	10	1	0.1821	73.5883	9	1.7
9	iusiurandum	11	1	0.1821	73.7705	9	1.7
9	sanctius	8	1	0.1821	73.9526	9	1.7
9	possem	6	1	0.1821	74.1348	9	1.7
9	vos	3	1	0.1821	74.3169	9	1.7
9	apud	4	1	0.1821	74.4991	9	1.7
9	meam	4	1	0.1821	74.6812	9	1.7
9	haud	4	1	0.1821	74.8634	9	1.7
9	tali	4	1	0.1821	75.0455	9	1.7
9	scirem	6	1	0.1821	75.2277	9	1.7
9	leviorem	8	1	0.1821	75.4098	9	1.7
9	meritu	6	1	0.1821	75.592	9	1.7
9	inmerito	8	1	0.1821	75.7741	9	1.7
9	viderier	8	1	0.1821	75.9563	9	1.7
9	aequom	6	1	0.1821	76.1384	9	1.7
9	minime	6	1	0.1821	76.3206	9	1.7
9	quibus	6	1	0.1821	76.5027	9	1.7
9	vobis	5	1	0.1821	76.6849	9	1.7
9	tuom	4	1	0.1821	76.867	9	1.7
9	causa	5	1	0.1821	77.0492	9	1.7
9	suspectum	9	1	0.1821	77.2313	9	1.7
9	fama	4	1	0.1821	77.4135	9	1.7
9	falsa	5	1	0.1821	77.5956	9	1.7
9	nolo	4	1	0.1821	77.7778	9	1.7
9	ostenderet	10	1	0.1821	77.9599	9	1.7
9	mulieri	7	1	0.1821	78.1421	9	1.7
9	nuptae	6	1	0.1821	78.3242	9	1.7
9	firmare	7	1	0.1821	78.5064	9	1.7
9	aliud	5	1	0.1821	78.6885	9	1.7
9	commodem	8	1	0.1821	78.8707	9	1.7
9	suspicor	8	1	0.1821	79.0528	9	1.7
9	mentem	6	1	0.1821	79.235	9	1.7
9	venit	5	1	0.1821	79.4171	9	1.7
9	quom	4	1	0.1821	79.5993	9	1.7
9	timida	6	1	0.1821	79.7814	9	1.7
9	quoque	6	1	0.1821	79.9636	9	1.7
9	velit	5	1	0.1821	80.1457	9	1.7
9	quin	4	1	0.1821	80.3279	9	1.7
9	sim	3	1	0.1821	80.51	9	1.7
9	fallit	6	1	0.1821	80.6922	9	1.7
9	multum	6	1	0.1821	80.8743	9	1.7
9	expetit	7	1	0.1821	81.0565	9	1.7
9	conventam	9	1	0.1821	81.2386	9	1.7
9	nunc	4	1	0.1821	81.4208	9	1.7
9	laches	6	1	0.1821	81.6029	9	1.7
9	nihilost	8	1	0.1821	81.7851	9	1.7
9	quae	4	1	0.1821	81.9672	9	1.7
9	nomen	5	1	0.1821	82.1494	9	1.7
9	men	3	1	0.1821	82.3315	9	1.7
9	iniuriam	8	1	0.1821	82.5137	9	1.7
9	ait	3	1	0.1821	82.6958	9	1.7
9	quis	4	1	0.1821	82.878	9	1.7
9	ah	2	1	0.1821	83.0601	9	1.7
9	istuc	5	1	0.1821	83.2423	9	1.7
9	prosit	6	1	0.1821	83.4244	9	1.7
9	parum	5	1	0.1821	83.6066	9	1.7
9	expurget	8	1	0.1821	83.7887	9	1.7
9	factam	6	1	0.1821	83.9709	9	1.7
9	obsiet	6	1	0.1821	84.153	9	1.7
9	post	4	1	0.1821	84.3352	9	1.7
9	habeam	6	1	0.1821	84.5173	9	1.7
9	istac	5	1	0.1821	84.6995	9	1.7
9	magna	5	1	0.1821	84.8816	9	1.7
9	tutor	5	1	0.1821	85.0638	9	1.7
9	facile	6	1	0.1821	85.2459	9	1.7
9	mores	5	1	0.1821	85.4281	9	1.7
9	queam	5	1	0.1821	85.6102	9	1.7
9	ancillas	8	1	0.1821	85.7923	9	1.7
9	posthac	7	1	0.1821	85.9745	9	1.7
9	fuisse	6	1	0.1821	86.1566	9	1.7
9	aderit	6	1	0.1821	86.3388	9	1.7
9	tantum	6	1	0.1821	86.5209	9	1.7
9	dederat	7	1	0.1821	86.7031	9	1.7
9	olim	4	1	0.1821	86.8852	9	1.7
9	ipsus	5	1	0.1821	87.0674	9	1.7
9	quem	4	1	0.1821	87.2495	9	1.7
9	suae	4	1	0.1821	87.4317	9	1.7
9	audiverit	9	1	0.1821	87.6138	9	1.7
9	myrrinam	8	1	0.1821	87.796	9	1.7
9	illum	5	1	0.1821	87.9781	9	1.7
9	cognosse	8	1	0.1821	88.1603	9	1.7
9	desinas	7	1	0.1821	88.3424	9	1.7
9	percontari	10	1	0.1821	88.5246	9	1.7
9	refert	6	1	0.1821	88.7067	9	1.7
9	tua	3	1	0.1821	88.8889	9	1.7
9	continuo	8	1	0.1821	89.071	9	1.7
9	cessas	6	1	0.1821	89.2532	9	1.7
9	orare	5	1	0.1821	89.4353	9	1.7
9	ei	2	1	0.1821	89.6175	9	1.7
9	ratus	5	1	0.1821	89.7996	9	1.7
9	periit	6	1	0.1821	89.9818	9	1.7
9	opera	5	1	0.1821	90.1639	9	1.7
9	ipsiusque	9	1	0.1821	90.3461	9	1.7
9	harunc	6	1	0.1821	90.5282	9	1.7
9	paene	5	1	0.1821	90.7104	9	1.7
9	restituo	8	1	0.1821	90.8925	9	1.7
9	curas	5	1	0.1821	91.0747	9	1.7
9	quantam	7	1	0.1821	91.2568	9	1.7
9	ademi	5	1	0.1821	91.439	9	1.7
9	autem	5	1	0.1821	91.6211	9	1.7
9	attuli	6	1	0.1821	91.8033	9	1.7
9	commodas	8	1	0.1821	91.9854	9	1.7
9	laetitiam	9	1	0.1821	92.1676	9	1.7
9	adventu	7	1	0.1821	92.3497	9	1.7
9	obtuli	6	1	0.1821	92.5319	9	1.7
9	veniat	6	1	0.1821	92.714	9	1.7
9	curre	5	1	0.1821	92.8962	9	1.7
9	dedo	4	1	0.1821	93.0783	9	1.7
9	perficio	8	1	0.1821	93.2605	9	1.7
9	introeam	8	1	0.1821	93.4426	9	1.7
9	vin	3	1	0.1821	93.6248	9	1.7
9	ob	2	1	0.1821	93.8069	9	1.7
9	fugitant	8	1	0.1821	93.9891	9	1.7
9	solam	5	1	0.1821	94.1712	9	1.7
9	famae	5	1	0.1821	94.3534	9	1.7
9	paenitet	8	1	0.1821	94.5355	9	1.7
9	oportet	7	1	0.1821	94.7177	9	1.7
9	fore	4	1	0.1821	94.8998	9	1.7
9	uxor	4	1	0.1821	95.082	9	1.7
9	redeat	6	1	0.1821	95.2641	9	1.7
9	agitur	6	1	0.1821	95.4463	9	1.7
9	exquire	7	1	0.1821	95.6284	9	1.7
9	per	3	1	0.1821	95.8106	9	1.7
9	cruciatu	8	1	0.1821	95.9927	9	1.7
9	quolubet	8	1	0.1821	96.1749	9	1.7
9	is	2	1	0.1821	96.357	9	1.7
9	meum	4	1	0.1821	96.5392	9	1.7
9	propere	7	1	0.1821	96.7213	9	1.7
9	philumenae	10	1	0.1821	96.9035	9	1.7
9	offers	6	1	0.1821	97.0856	9	1.7
9	opportune	9	1	0.1821	97.2678	9	1.7
9	parmeno	7	1	0.1821	97.4499	9	1.7
9	ambae	5	1	0.1821	97.6321	9	1.7
9	intro	5	1	0.1821	97.8142	9	1.7
9	huc	3	1	0.1821	97.9964	9	1.7
9	sequimini	9	1	0.1821	98.1785	9	1.7
9	pudet	5	1	0.1821	98.3607	9	1.7
9	conspectum	10	1	0.1821	98.5428	9	1.7
9	perii	5	1	0.1821	98.725	9	1.7
9	segregatast	11	1	0.1821	98.9071	9	1.7
9	viro	4	1	0.1821	99.0893	9	1.7
9	hostis	6	1	0.1821	99.2714	9	1.7
9	meretrici	9	1	0.1821	99.4536	9	1.7
9	nupta	5	1	0.1821	99.6357	9	1.7
9	invisum	7	1	0.1821	99.8179	9	1.7
9	purgatum	8	1	0.1821	100	9	1.7
